P  = [100
   101
   112
   122
   124
   122
   143
   152
   151
   126
   155
   159
   153
   177
   184
   169
   189
   225
   227
   223
   218
   231
   179
   240]

K  = [   
   100
   107
   114
   122
   131
   138
   149
   163
   176
   185
   198
   208
   216
   226
   236
   244
   266
   298
   335
   366
   387
   407
   417
   431]

L  = [

   100
   105
   110
   117
   122
   121
   125
   134
   140
   123
   143
   147
   148
   155
   156
   152
   156
   183
   198
   201
   196
   194
   146
   161]

Item 2: https://medium.com/data-hackers/entendendo-o-que-%C3%A9-matriz-de-confus%C3%A3o-com-python-114e683ec509